,0,1,2,3,4,5,6,7,8,9,10,11,12,13,14,15,16,17,18,19,20,21,22,23,24,25,26,27,28,29,30,31,32,33,34,35,36,37,38,39,40,41,42,43,44,45,46,47,48,49,50,51,52,53,54,55,56,57,58,59,60,61,62,63,64,65,66,67,68
0,0.0,0.9386979283164326,0.7905231996636908,0.995706708352831,1.0044772646847624,1.5578839139033451,0.3254528469509854,1.304081675414963,3.9424908750908854,1.0638093440830363,2.2868098476414382,2.3239406976587036,2.449694149860011,1.1944476508025226,4.70847655455532,2.115841478673789,1.3264884355892956,0.5883398651803667,2.0358110540874033,2.248239919268388,1.0978150350182132,0.5029846704907984,2.231987657384466,0.9843526397534264,1.3166081054702257,1.3069350431651743,0.947756273626841,0.8012398349454878,0.8304855762605169,1.7247238131045397,2.0452428167651617,3.360978658741847,2.4937393159464034,1.875670734263995,2.33332044908458,2.5463688798547586,0.8988922977776406,3.6568081176212597,3.578668998197947,3.242112540682657,1.0538743182442953,8.107841119361595,2.1463580462193796,1.7154805305090364,1.8212726788451485,5.181523337068053,3.4533703033731573,3.0247868165311207,0.5996521697450211,1.4193907466177356,3.473203696179585,2.882847826265756,0.21547844288445528,3.0844477780350106,0.22518796680461955,0.2051542247447645,0.5054916450248713,2.0447796521373927,1.1884983726141487,0.8008622011459098,2.8799063327874226,0.871943687069563,3.6581957746205327,0.6051446034887422,1.8812813152572787,0.9302426303302394,0.4072744252676589,0.8901051552418858,2.4912991495760126
1,0.9386979283164326,0.0,0.15525892582684062,0.45297895424690554,1.7524612909374293,0.9824004836562076,0.6180925430385544,1.421561217690784,3.115764592365678,0.2820662016831701,3.2125090878221565,3.2555042098734814,3.3858442467344023,0.6391741710768982,4.682398848102604,1.3110919461696726,0.3878073574428913,0.8164489128215846,1.247563724532398,1.3097181760174426,1.7683020352000018,1.3919033220274966,1.4498973204867005,1.0272996326813006,0.7325371066951115,1.8336348358824581,0.8343077104716112,1.5009990508994797,1.6713462220949264,2.271870101381522,2.2293088561004293,2.4392138589060037,1.570302174783295,0.9895119701418947,1.4592146233948453,1.7777308866731423,1.8016704922939333,2.7335142664714036,2.9072481575422695,2.4804098276423145,1.7149928269458539,7.507102716350774,1.2346621630631152,0.9894821557360645,1.225020113131915,5.098226302813044,3.335471745246315,2.86431045543077,1.5344736707337374,1.3252884324940524,2.815245857412356,2.7916175452706105,0.7937411941119459,3.070807822943067,0.9238286623301933,0.7844646195736763,1.2511791552445206,2.22985474686475,0.9945362812045859,1.500366231355469,2.790258812383087,0.7134930620546007,2.7348927665309186,1.5403576500152503,1.7857360561857505,1.0732406540317694,0.9068727642029822,1.7926238201803177,1.5680673359730624
2,0.7905231996636908,0.15525892582684062,0.0,0.419411720822544,1.600130566763286,1.0774555855974768,0.4671133841688208,1.4006494582391282,3.2216799518727215,0.32886972999704034,3.058782072975906,3.1026879045065394,3.2343234933879885,0.632793773279062,4.631468022474469,1.4538765330633678,0.5391408806907656,0.7366634350444895,1.3339349980750193,1.4605828948476693,1.6200420158117876,1.2372950470403754,1.5363778777214785,1.0005672371004413,0.8195009871453853,1.7574248912377815,0.8222670493139089,1.3929350296057161,1.5448445142923948,2.1981232724607818,2.2141642861361603,2.594261727390037,1.725388639016505,1.1085923602560253,1.5759467950676884,1.862770074787283,1.6470068601332055,2.8715984553482814,3.0363636746726614,2.566987386213371,1.5669398894514375,7.631650721211098,1.3898046296188962,1.052141108087147,1.256321432860935,5.142541340454444,3.3793985605344377,2.912417746697856,1.3834005343700089,1.3381172810166049,2.9421649302789987,2.827774695733952,0.639307287873306,3.0961040003794107,0.7686880440470838,0.630588802882781,1.1310954250220642,2.2145506209442507,1.0111448481410155,1.3923255173668054,2.8261439632152716,0.6159628493338579,2.872981780517429,1.3893885557416294,1.810665906701979,1.0318009714913599,0.7541910748805933,1.637957628193289,1.7231647556438545
3,0.995706708352831,0.45297895424690554,0.419411720822544,0.0,1.5533070954353085,1.4286502616788521,0.6957342318315872,1.8177335511515385,2.947619690341662,0.23155141928892328,3.1303773569799778,3.189271913146263,3.3371497188211796,0.2223243976891227,4.2298090095132,1.670033272526352,0.6313970984984819,1.1240207946788137,1.0413726411115998,1.4432133431732854,1.5257712828142544,1.3290314886184151,1.2364175115348084,1.4172144842522751,1.1835089658033022,2.132505809298961,1.2416021920527023,1.7189308698871548,1.8171043410440495,2.5733849758777647,2.6317198937950548,2.6234742032121385,1.7735141718171044,0.9336221865007641,1.3647739209270178,1.5512462310862454,1.720507777885843,2.726579306667766,3.295945962215679,2.24940775014916,1.4723839510058256,7.900055780424958,1.4819934211286045,0.7201897312211489,0.8652450765748501,5.548483463803694,3.7853508500224304,3.3153366304521215,1.5253104946284024,1.7559029179872168,3.2097562754661326,3.238206216108658,0.7905085176324149,3.5114383569271674,0.8767785581945458,0.7945138819783625,1.4347924853626595,2.632068282673494,1.4274794188134645,1.71838560878866,3.236718719496849,0.33681487298466867,2.727973224017604,1.5321909156258537,2.225505283564849,1.4427753422061835,0.7709094923066073,1.7116618329911477,1.7719468998473515
4,1.0044772646847624,1.7524612909374293,1.600130566763286,1.5533070954353085,0.0,2.5429377320237725,1.2038593020820751,2.252478477236057,4.296320971529435,1.737272895756796,1.647347582367053,1.7283055396138995,1.899329275762392,1.6474060242942539,4.076629886741653,3.041893950472117,2.1081143899848906,1.5889563142936216,2.4779936173807258,2.9906297027406965,0.18073463086932096,0.5563150665178824,2.6399052479032967,1.9754446232824356,2.2916495159702417,2.03513163748131,1.9521140647059974,1.503048656546077,1.2987198807806315,2.3623539178865873,2.908187057059474,4.162453688701013,3.29988672087164,2.4738279192827157,2.8664349122729225,2.900575205636908,0.4799713298170623,4.246476225877585,4.5647416131720195,3.5282088062038484,0.1877310503588507,9.110541074112508,2.9795471868784644,2.1445326736272543,2.093051094309384,6.083287253864803,4.39149801173889,3.98345911908109,0.6970264067887308,2.407658691725381,4.461876100945087,3.8234744145825297,1.0130037001024796,3.9916039951443345,0.875014635532268,1.0316412080086848,1.2974794605625501,2.9072526495126536,2.192232357137032,1.5031101104902673,3.820084378374299,1.2417336280793758,4.247861827146112,0.7006932807910051,2.8522026624321875,1.9085943772105716,0.8459477931284584,0.47758192609931877,3.2979772272981456
5,1.5578839139033451,0.9824004836562076,1.0774555855974768,1.4286502616788521,2.5429377320237725,0.0,1.346527116619145,1.0072732089023846,3.482827135363797,1.2190867448737637,3.7538194373451383,3.767975121329074,3.8620003356089994,1.5851437752988906,5.639924604708708,0.6953804789593601,0.9314417753295979,1.0403724452431966,1.8846969564358393,1.3447909712424295,2.6043875615449315,2.059395607205264,2.060246872228061,0.8258586798412265,0.2609421771302907,1.6880890408467044,0.6948683918898116,1.6531261915137432,1.9444595366168704,2.0479596141176333,1.634514030988868,2.1057762531802804,1.3500035312314573,1.4934990451566252,1.8818462581208626,2.3621597788783086,2.439629657672975,2.8011882523482874,2.0225282415030827,3.0079396170571164,2.554249372763221,6.584326034419869,1.0212288914364873,1.7569544486819915,2.060264377504454,4.178250894402536,2.4284621196063303,1.951196535231204,2.104699077010289,0.7307387247003923,1.918963201341882,1.9195250365032377,1.5329869412073527,2.232949663520382,1.6691705040355624,1.5131714819369042,1.5529404517194667,1.635927092047609,0.5540524993143642,1.6524505402588872,1.9191858290152681,1.6899753291437876,2.8024078449300887,2.1081395147387885,1.0201630168634506,0.9330727288175917,1.7378871819228638,2.4312857092377227,1.3466998111471251
6,0.3254528469509854,0.6180925430385544,0.4671133841688208,0.6957342318315872,1.2038593020820751,1.346527116619145,0.0,1.3149807123553618,3.6322058540838467,0.7413815068919297,2.596124917698689,2.6377699729859296,2.767795975195319,0.9071495658395802,4.633057099853165,1.8467187963128477,1.0054359555562222,0.5527809841250488,1.7268026786084854,1.9273249915878803,1.2579143290390125,0.7814614378243794,1.9254119330739499,0.9395046454569544,1.0911771640426526,1.4805257440735502,0.8369417434749284,1.0305662479633828,1.1234442274624492,1.916263638324575,2.107632313080836,3.0517475991077565,2.183099206338755,1.552201582588467,2.01218013891681,2.24418399492464,1.190354060418674,3.3314049583345473,3.3643304101785994,2.9442316804393367,1.2077245470219546,7.928649784845488,1.8404032345832555,1.4138910328733405,1.5476656071976622,5.178834178490034,3.4288597075912133,2.9813126744318352,0.91652644090237,1.3586214165000965,3.26302058841451,2.861684736239251,0.19220651264116245,3.092640370978102,0.33110126868439727,0.17642352586864682,0.7413342501970543,2.1075266722341626,1.0761363885310942,1.0300548148659436,2.85925667301561,0.6482997035461148,3.332792395612777,0.9224623156929914,1.8391201002346051,0.9200522349517424,0.39918203203477776,1.1813476436613364,2.1807569707213146
7,1.304081675414963,1.421561217690784,1.4006494582391282,1.8177335511515385,2.252478477236057,1.0072732089023846,1.3149807123553618,0.0,4.394545430039459,1.7013828985706074,3.0676953576540056,3.0552234359878248,3.1142134498797462,2.0334429642315905,5.947131209367103,1.692715694403996,1.6299117686222,0.7624944839915556,2.6286182860096297,2.30812827553002,2.375472001860223,1.6972598398747298,2.8257100237755184,0.40056971475891273,0.9811030247447718,0.7111133533540913,0.5876015893898381,0.8923240052673236,1.2128177723231908,1.0410926832100094,0.8140982805316588,3.104954778514039,2.3543451963971003,2.2942592429546718,2.740380659914499,3.1499073293626547,1.971003470057224,3.789725199342304,2.6735224910778523,3.8382102740199957,2.336852878904291,6.99772374804758,2.0159464063829433,2.4040167609311034,2.645818420688359,3.87976081335163,2.1503076007346626,1.7312796428368626,1.623463654420219,0.3084374415255827,2.556699149894847,1.5798554116197536,1.422306566641198,1.7849461740583215,1.5126692430247353,1.3991826129042702,0.9735257378395158,0.8144170114829953,0.5000425665711709,0.8918245141000888,1.576808095728891,1.9232985698318579,3.790982684824319,1.623532430909332,0.6094583186692226,0.3951436130787428,1.6683439206294253,1.964754539162016,2.3510689929456587
8,3.9424908750908854,3.115764592365678,3.2216799518727215,2.947619690341662,4.296320971529435,3.482827135363797,3.6322058540838467,4.394545430039459,0.0,2.9021317171137277,5.943668240200448,6.022730338908124,6.188983045056761,2.7617727575088518,4.23644379289238,2.993723064727698,2.7975075056323115,3.9283577628425808,1.9066807602719469,2.1502406598595103,4.192157018601255,4.240432653005031,1.7118746063744998,4.0531204716294456,3.4233791401570564,4.930229779281192,3.8475885630459694,4.6139148704823185,4.7539465647972,5.3594031208508985,5.1128597646946385,2.213204902095081,2.297265115140188,2.1324437957802007,1.6661492503936162,1.4099382186731204,4.5973099857404325,1.0870415181343922,3.9781261048756056,0.7864327569827648,4.148315614217684,7.874883834716179,2.51507021251806,2.2314567739069786,2.207128746229112,7.256878994599071,5.666678633914774,5.217525443891693,4.456419489695879,4.179324827739924,3.978284803061721,5.267863169646506,3.737905103010931,5.608562496119273,3.8160108638874783,3.742131955650908,4.350525532833334,5.114155433524494,3.895969428695867,4.613296911627107,5.269103522288473,3.14667342809705,1.0870026181164396,4.463534079366374,4.497911142269454,4.127995510573584,3.6828201534248146,4.5891317704326005,2.3002772829592097
9,1.0638093440830363,0.2820662016831701,0.32886972999704034,0.23155141928892328,1.737272895756796,1.2190867448737637,0.7413815068919297,1.7013828985706074,2.9021317171137277,0.0,3.277080297271972,3.3297054709285256,3.4707037703176966,0.3684790833055958,4.424102351783844,1.4385464321985442,0.4020188677002743,1.0645978805282832,1.0071101300935703,1.254669963981533,1.724070673122857,1.4576224233321164,1.2092430997132297,1.3050883550498202,0.9829628538336455,2.085668349212134,1.1148670676405348,1.7170939518713284,1.854113457919285,2.526120673966146,2.5105509145015388,2.4259093922435286,1.5672810476932915,0.8120792856334055,1.2708830011521064,1.5349545854056603,1.8607489298770434,2.600054324979003,3.064629452220414,2.2391669623088934,1.670381071465758,7.668695783180196,1.263671908011154,0.7240813597313484,0.9444362326200586,5.366183023963198,3.604648899021284,3.1315872954427357,1.6330218641992005,1.6066879950411723,2.9787882435754347,3.0651041553678926,0.879631605592065,3.3482200954531995,0.9890615536537203,0.877627996342979,1.4485711923905378,2.511075917351199,1.2758802861012124,1.7164965143486473,3.063865706495584,0.5599601897013217,2.60144620064143,1.6395361400119934,2.0642975286495067,1.3459885834073633,0.9183167468473155,1.851751216111347,1.5655300813094037
10,2.2868098476414382,3.2125090878221565,3.058782072975906,3.1303773569799778,1.647347582367053,3.7538194373451383,2.596124917698689,3.0676953576540056,5.943668240200448,3.277080297271972,0.0,0.12467528143592405,0.3092136297573064,3.2592033122635606,5.088446294820399,4.377322545363997,3.597429278875014,2.714866654837039,4.110143756902939,4.516084145319508,1.7600065643004037,1.8237755007405576,4.2789855528067795,2.982524485029848,3.5450392241014126,2.491149914302051,3.064486113519334,2.181211288257402,1.8606844024056213,2.550280015001727,3.387515298828483,5.6469037403191304,4.778751219713309,4.063993193328791,4.482791045382736,4.546286730612626,1.4166789381060276,5.855559989252725,5.705998677932616,5.174465672823058,1.8004088472915367,10.042887727503079,4.433015336768463,3.774314609523319,3.739555115998211,6.3882092217763775,4.916200534961046,4.616797952009533,1.6882631348010242,3.3345041485373024,5.59225061850679,4.402755386489882,2.4198179511751667,4.4476572957053415,2.295351695252222,2.4282031041036545,2.2059163867053146,3.385654955251871,3.2595521182046605,2.181771028930772,4.3981120791425,2.851103089686176,5.856952993270283,1.6831505772984743,3.6462149248711526,2.8811951167649292,2.3626346969277714,1.4257027396424744,4.776371754116854
11,2.3239406976587036,3.2555042098734814,3.1026879045065394,3.189271913146263,1.7283055396138995,3.767975121329074,2.6377699729859296,3.0552234359878248,6.022730338908124,3.3297054709285256,0.12467528143592405,0.0,0.18958683316939348,3.324104463938722,5.212270223601341,4.400531707292864,3.6418120547049853,2.7318979596920707,4.179043908256453,4.562326959350742,1.8482220022775595,1.8727791304010686,4.350563469195764,2.9862558877578285,3.564601594224665,2.4606886765289224,3.075906828165243,2.1746720683183445,1.856033054758684,2.4991644233314725,3.3464344978944665,5.684752744366851,4.8176735751509865,4.122345394583196,4.546394989694929,4.622089339329199,1.4699319107177062,5.9157916541406586,5.705239230950108,5.256429088298772,1.8868483337496216,10.01622675269385,4.469614037007478,3.842860583219055,3.8167204364725373,6.320985908155003,4.868508460118258,4.578367195880481,1.724288644104372,3.327852592752359,5.590794044830597,4.361482214119807,2.4651878268870666,4.397356052564666,2.3438607139368677,2.4725274648631004,2.2161284804899797,3.3445255816797803,3.2651375833042326,2.175254064145946,4.356773340866184,2.9169081790363167,5.917185444732761,1.7188254552716549,3.6262442442732308,2.8834926591119427,2.4193443787339555,1.478870997590111,4.815236528385641
12,2.449694149860011,3.3858442467344023,3.2343234933879885,3.3371497188211796,1.899329275762392,3.8620003356089994,2.767795975195319,3.1142134498797462,6.188983045056761,3.4707037703176966,0.3092136297573064,0.18958683316939348,0.0,3.477990568131823,5.396101339004789,4.505379977622525,3.7731887707530416,2.8319386031406366,4.336235802881648,4.6949062488501045,2.024614504430326,2.013331430280086,4.510290615403529,3.068074877757524,3.6659723732944767,2.4950788694068335,3.1677421545368296,2.2455607718387816,1.9315352914806296,2.5001320436033194,3.3610085944345127,5.806683381765558,4.941482074634335,4.268701381961914,4.697984845747082,4.785736568015261,1.616871050357843,6.063167174128649,5.776817391145205,5.4255123751897045,2.061854076903671,10.047716076416112,4.590944526366336,3.999928857424765,3.9820405681573394,6.287149206720396,4.869591640678422,4.594870622137662,1.8514200257659232,3.3944326952383226,5.66148939766698,4.3737387771211065,2.599835947173043,4.39473523967428,2.4822801206324736,2.6059934689315436,2.309328339832127,3.3590262990405813,3.3487543643287436,2.2461705670871868,4.368931280640464,3.0721790840620193,6.064561275626853,1.8455941944853225,3.672837716185116,2.9636641304228544,2.5662691142035956,1.6256719341255632,4.938978322544493
13,1.1944476508025226,0.6391741710768982,0.632793773279062,0.2223243976891227,1.6474060242942539,1.5851437752988906,0.9071495658395802,2.0334429642315905,2.7617727575088518,0.3684790833055958,3.2592033122635606,3.324104463938722,3.477990568131823,0.0,4.056090501402686,1.749008493675052,0.7125986655017489,1.3462176091752822,0.8645038242946999,1.405356548943063,1.5968266010772663,1.4864517879767591,1.0512618522148152,1.6333139559429137,1.351326272246307,2.3543869974138865,1.4533525782616774,1.9352142029665524,2.022022360405216,2.795153669016989,2.846872870333279,2.588125501865654,1.7612624320265644,0.831729069637531,1.223951726808525,1.356616699988369,1.8633469804955458,2.601208722729959,3.3820864308942595,2.048340750160595,1.5447669948234322,7.981828251059814,1.500978083797982,0.5313144223068718,0.6443481327981162,5.733851923471868,3.971882850463477,3.4993192179816903,1.6959563606703651,1.9603225979470453,3.301078204775521,3.4302647776629898,0.9833874933626781,3.709825805607111,1.054462060111272,0.9901693649474342,1.648345710525876,2.8472684841475777,1.6302575649220103,1.934681142290158,3.4289479749488927,0.40855168335500053,2.6025977638580935,1.7030202348697767,2.424442763648788,1.6619172739178667,0.9252532103093849,1.8547249166321704,1.7600791698711526
14,4.70847655455532,4.682398848102604,4.631468022474469,4.2298090095132,4.076629886741653,5.639924604708708,4.633057099853165,5.947131209367103,4.23644379289238,4.424102351783844,5.088446294820399,5.212270223601341,5.396101339004789,4.056090501402686,0.0,5.678500744112069,4.730564132194674,5.185764946482806,4.014805069792077,4.9837926846033,3.8972679754454993,4.523927463962119,3.9438103374813553,5.561591901868652,5.406922434381266,5.996434770266792,5.422010445518691,5.460945039776938,5.33430202881013,6.381257295228102,6.737192517746235,5.877162895248989,5.361322257783821,4.396858846308602,4.321725115817206,3.8277239558564733,4.553299119596029,5.087542418955396,7.2509555772009735,3.731716380751092,3.905236064571199,11.716791868553102,5.277889917975236,3.9729891187161313,3.648275177151034,9.773753767395247,8.0107787066946,7.543450949819494,4.735868929743289,5.953210174413933,7.1928838924384655,7.45642989148015,4.545610108033915,7.711901838114631,4.483697316606117,4.567674130507326,5.187607815363925,6.736974424250314,5.635108717183346,5.460771538044992,7.454621111605643,4.040448285130613,5.0882987206086225,4.741240871471084,6.433576088320423,5.5519932611203995,4.307655735851331,4.5518193635158655,5.36217280424265
15,2.115841478673789,1.3110919461696726,1.4538765330633678,1.670033272526352,3.041893950472117,0.6953804789593601,1.8467187963128477,1.692715694403996,2.993723064727698,1.4385464321985442,4.377322545363997,4.400531707292864,4.505379977622525,1.749008493675052,5.678500744112069,0.0,1.0424960719037202,1.6748286223750752,1.705020098888952,0.8719732384484735,3.0722108661373877,2.614787020105296,1.8339618706546261,1.515516111644438,0.8424105353404184,2.382514455060146,1.3646922551358127,2.3317590631126515,2.6108162844573366,2.7330057857841012,2.2351206892523106,1.4126361614798333,0.7240792352595783,1.3000817735987655,1.5468651532268771,2.081791208424214,3.014649146666811,2.1940551416764964,1.6331246528326415,2.6394832096445953,3.0193839572892265,6.234088065398996,0.4929690814122074,1.7057055545376987,2.030438337784484,4.368868007944323,2.6965457307864513,2.235066138285356,2.6988911376671463,1.400561177926937,1.5538467636840279,2.274618481511207,2.038743983442513,2.6148476222056853,2.17739691421478,2.022958045672961,2.202844079416298,2.236850533948823,1.2488049994141048,2.331074171159636,2.2757827319138237,1.991794383307424,2.195171244005867,2.703259308130661,1.5752221142419718,1.6217768201425218,2.199867974178299,3.0058857488412696,0.7207586202646807
16,1.3264884355892956,0.3878073574428913,0.5391408806907656,0.6313970984984819,2.1081143899848906,0.9314417753295979,1.0054359555562222,1.6299117686222,2.7975075056323115,0.4020188677002743,3.597429278875014,3.6418120547049853,3.7731887707530416,0.7125986655017489,4.730564132194674,1.0424960719037202,0.0,1.1441226590061613,1.004487055062883,0.9219671793534643,2.1079160601412434,1.77479955769486,1.1981225939519535,1.2640422785662966,0.7419313738128858,2.1329086304031675,1.0585340861655588,1.8511901214587723,2.0426517445137087,2.5623400450134297,2.406591797290622,2.061764730109369,1.194510858131327,0.6696967086808652,1.1313643536928204,1.520563216535637,2.184162323986402,2.356694832717853,2.6736174211591472,2.209148428719574,2.054207374207686,7.2762882241361675,0.87297389119973,0.8301392725813003,1.1288697192507755,5.109673775145146,3.358640047912171,2.881605761845106,1.9219585559617811,1.4673342616995146,2.590696517114565,2.8407287593993145,1.1776133771937387,3.1437944795134665,1.304373308198985,1.169480143219364,1.6177518187979487,2.4074696192372964,1.149043466561256,1.8505327010040924,2.8400774360106062,0.9618275188879352,2.3580649281317982,1.9278805271766546,1.882383017325833,1.3330743101701237,1.269407202605996,2.1751087462594607,1.192456969720973
17,0.5883398651803667,0.8164489128215846,0.7366634350444895,1.1240207946788137,1.5889563142936216,1.0403724452431966,0.5527809841250488,0.7624944839915556,3.9283577628425808,1.0645978805282832,2.714866654837039,2.7318979596920707,2.8319386031406366,1.3462176091752822,5.185764946482806,1.6748286223750752,1.1441226590061613,0.0,2.0622550401309634,2.0060503182194793,1.6861529192297744,1.0596258275124752,2.264816843401982,0.4016165899085513,0.8340495771022254,1.0211105785486254,0.37079847597997867,0.7141960638437385,0.949889548315903,1.4615478872958074,1.5576631195401107,3.0186615985278804,2.1749782776647058,1.796867693283496,2.2659235978178827,2.592392103801756,1.4146244390488554,3.484089399367655,3.0354079040019823,3.295836288188172,1.6420213617617987,7.533080262817394,1.8165469547820274,1.788575725688691,1.9848222218229612,4.63389745766323,2.89062258669355,2.451698120507157,1.0715990924764265,0.8351629332445327,2.9265127812583662,2.321332021055191,0.6677528822442769,2.5435483258990756,0.7721668238133584,0.64441016327526,0.5300109767245126,1.5576298648261526,0.6050701409870072,0.7135190576994682,2.318695458231969,1.1766492845566152,3.4854388088825563,1.0745143393268564,1.3061395313297637,0.3682034697681475,0.9139087067421828,1.406658940691395,2.1721076948975466
18,2.0358110540874033,1.247563724532398,1.3339349980750193,1.0413726411115998,2.4779936173807258,1.8846969564358393,1.7268026786084854,2.6286182860096297,1.9066807602719469,1.0071101300935703,4.110143756902939,4.179043908256453,4.336235802881648,0.8645038242946999,4.014805069792077,1.705020098888952,1.004487055062883,2.0622550401309634,0.0,0.973504066632008,2.403974658291884,2.35095011290236,0.2026105924389859,2.251048189012654,1.7335995008528837,3.081151243956644,2.0480885290701,2.724021451830417,2.8498264149765054,3.5193572407442204,3.4110175103537985,2.026248999073401,1.3591652769900862,0.4086133314551526,0.42892951116417255,0.530208730680472,2.7248290528382277,1.786883083831784,3.2365497744274414,1.233740687244429,2.3546633603409592,7.740271458835798,1.2686043682090618,0.33630717671476434,0.48904336504199847,6.02351320009233,4.296299084537996,3.8199627788684447,2.5589512511138994,2.4714913204691937,3.180631446424091,3.802576871867024,1.8318783363010653,4.117584846749323,1.9138524781771398,1.8357401798108333,2.4524653424843894,3.4118866279675224,2.1531800021802465,2.723427107355172,3.8023876266916834,1.2648520057201702,1.7882436144637766,2.565969444702442,2.8760794123483677,2.309455356344218,1.7897230078111834,2.7162993863632376,1.359631111915126
19,2.248239919268388,1.3097181760174426,1.4605828948476693,1.4432133431732854,2.9906297027406965,1.3447909712424295,1.9273249915878803,2.30812827553002,2.1502406598595103,1.254669963981533,4.516084145319508,4.562326959350742,4.6949062488501045,1.405356548943063,4.9837926846033,0.8719732384484735,0.9219671793534643,2.0060503182194793,0.973504066632008,0.0,2.9689517360930804,2.69235528766911,1.0467242579820992,2.015230924400041,1.328246659718619,2.9208443019529406,1.818924071350135,2.7198992723948554,2.9390055654041536,3.3242876452634484,2.9792107244326353,1.1836389663304525,0.39001199510326656,0.6417222339406441,0.7031095235689842,1.2447572337190158,3.1006470379646256,1.491604416457914,2.274497318896808,1.7682659883519039,2.9155314404185377,6.768966102511964,0.37901658347229095,1.1125758583716758,1.4092630879954502,5.234787622608563,3.568139850917352,3.1048456159049977,2.8438448022080864,2.062819284694055,2.225204256122182,3.1353299545756697,2.097170407390908,3.472022204812866,2.2208654132626267,2.0898830345850348,2.5113638214837075,2.9806367389966977,1.8107443290003866,2.7192187690617495,3.136221998917629,1.773398239724583,1.492911111262805,2.8497873069169906,2.351026009788652,2.10658203582083,2.1698959339985984,3.0915976255019366,0.39006606509544084
20,1.0978150350182132,1.7683020352000018,1.6200420158117876,1.5257712828142544,0.18073463086932096,2.6043875615449315,1.2579143290390125,2.375472001860223,4.192157018601255,1.724070673122857,1.7600065643004037,1.8482220022775595,2.024614504430326,1.5968266010772663,3.8972679754454993,3.0722108661373877,2.1079160601412434,1.6861529192297744,2.403974658291884,2.9689517360930804,0.0,0.6947721446195917,2.5576695337975077,2.080307853014769,2.348802349447286,2.19265491262412,2.0415746762691263,1.6565264682227907,1.4662635389537622,2.5298875225533397,3.0527095471072805,4.14776803370825,3.2913496416761676,2.428282852023683,2.803188102510073,2.8063870931551205,0.6607051558542518,4.183384111946488,4.621004393872497,3.4181987940686085,0.05372716337371475,9.184270697830515,2.980819590984668,2.0745918097028437,1.9984597667614954,6.224282653866548,4.5216039333411935,4.106221414691907,0.8615189625430638,2.514842166797379,4.520423559239765,3.9522222561052205,1.0726838840518065,4.129521185400498,0.9395812756576615,1.0933460613424788,1.4360482533354297,3.0518539185173994,2.2837246825288755,1.656546171534642,3.948965877496497,1.2002860444034167,4.184762420118074,0.8657694968529707,2.9687229550531264,2.019744202175115,0.8751284401536651,0.6583023157950426,3.2895939401093304
21,0.5029846704907984,1.3919033220274966,1.2372950470403754,1.3290314886184151,0.5563150665178824,2.059395607205264,0.7814614378243794,1.6972598398747298,4.240432653005031,1.4576224233321164,1.8237755007405576,1.8727791304010686,2.013331430280086,1.4864517879767591,4.523927463962119,2.614787020105296,1.77479955769486,1.0596258275124752,2.35095011290236,2.69235528766911,0.6947721446195917,0.0,2.5353878705516184,1.4332541332584219,1.8195296269232797,1.5049264871787265,1.4292186279358703,0.9658528272399982,0.8112257770456448,1.8620906614004504,2.358058338488571,3.8306477085538226,2.961702653529888,2.256961487873601,2.6936508427947543,2.830680172680235,0.40978767203091865,4.051483322119022,4.078288386693976,3.504309868424436,0.6647383545828608,8.592706008573813,2.621255059732479,2.0167543784760498,2.0512431886865796,5.53078430924818,3.835259268562951,3.427762892653968,0.24262247045578827,1.861624883304731,3.971957518327485,3.2671612908534082,0.5981975242528663,3.437335983761309,0.47159441012550424,0.6084373314096755,0.7426964403683188,2.3571924167736524,1.6643643088745919,0.9658314564644785,3.263773301416456,1.0937849438548952,4.052877264014916,0.2496912368589901,2.299154402689083,1.3608821657276873,0.5615453631321996,0.4007447095013911,2.959423870129218
22,2.231987657384466,1.4498973204867005,1.5363778777214785,1.2364175115348084,2.6399052479032967,2.060246872228061,1.9254119330739499,2.8257100237755184,1.7118746063744998,1.2092430997132297,4.2789855528067795,4.350563469195764,4.510290615403529,1.0512618522148152,3.9438103374813553,1.8339618706546261,1.1981225939519535,2.264816843401982,0.2026105924389859,1.0467242579820992,2.5576695337975077,2.5353878705516184,0.0,2.4503915898063746,1.9195293905162556,3.283527434357617,2.24689012552014,2.9258621655010097,3.048794566566862,3.721559695800516,3.6040352328738416,2.013429420323704,1.4179677421814116,0.5677287706768592,0.3909549725904324,0.3278794531880721,2.9032892383808258,1.6613874271852025,3.32121574036431,1.031130961460097,2.5095691952630528,7.785322266484594,1.3754212929856182,0.520068438893865,0.5821241350143143,6.177387419770993,4.45934601095446,3.9841068165607845,2.74718683659572,2.662924509571376,3.271245176468277,3.973743519697279,2.026276946821196,4.2923243511219775,2.104634946893062,2.030805023410647,2.6533305121211335,3.6049423740569737,2.3470689238420035,2.9252700368047813,3.9737012079922547,1.444251129718213,1.6627141341023286,2.7542569528961782,3.0601501315510053,2.510025489661921,1.975306194934562,2.894868116296221,1.4188912863534762
23,0.9843526397534264,1.0272996326813006,1.0005672371004413,1.4172144842522751,1.9754446232824356,0.8258586798412265,0.9395046454569544,0.40056971475891273,4.0531204716294456,1.3050883550498202,2.982524485029848,2.9862558877578285,3.068074877757524,1.6333139559429137,5.561591901868652,1.515516111644438,1.2640422785662966,0.4016165899085513,2.251048189012654,2.015230924400041,2.080307853014769,1.4332541332584219,2.4503915898063746,0.0,0.7057418733193467,0.9061073995275638,0.20578564836187965,0.8335843716437429,1.1375006526664764,1.314226819885871,1.214663302374075,2.9145948589415602,2.113478828445602,1.9334473016848612,2.3898340325732614,2.7766705204232554,1.7594316013218625,3.50663012698403,2.725595664857515,3.47115847118864,2.037431213886868,7.171804868453167,1.7609537108331736,2.014428456285909,2.2491364091239836,4.23937560898698,2.4917017675261457,2.0504120020766052,1.409075144893474,0.4350500735108011,2.6129710583114254,1.923327976818138,1.0680097406005702,2.1545451798860733,1.1737102298707236,1.0446612377062428,0.7850693354405974,1.2149854659024815,0.2818612321152805,0.8329239331732841,1.9208095047904528,1.5289569130297576,3.507930563098476,1.4107627941389471,0.9049533855113711,0.1075015606388508,1.3135683433465217,1.7520944389020408,2.1103381553686793
24,1.3166081054702257,0.7325371066951115,0.8195009871453853,1.1835089658033022,2.2916495159702417,0.2609421771302907,1.0911771640426526,0.9811030247447718,3.4233791401570564,0.9829628538336455,3.5450392241014126,3.564601594224665,3.6659723732944767,1.351326272246307,5.406922434381266,0.8424105353404184,0.7419313738128858,0.8340495771022254,1.7335995008528837,1.328246659718619,2.348802349447286,1.8195296269232797,1.9195293905162556,0.7057418733193467,0.0,1.6075630411789508,0.5312394933066542,1.4956649536168725,1.7691055010692982,1.9992430355651418,1.6999063773515648,2.2169483774181664,1.4077440014399087,1.3621359340628367,1.784640718223142,2.2331402599286125,2.20722696491697,2.8147335805839426,2.2734957017283857,2.9014200006711226,2.298268185684332,6.843352864187842,1.0560373288149778,1.571083939525976,1.861620706768716,4.3889837444331485,2.6307076177483992,2.1553089111909305,1.8789638211977935,0.758259359917238,2.1718470519493667,2.1032645995944943,1.2795249845958994,2.402606846716114,1.4167760729272385,1.260291195527476,1.3607057381593102,1.701021159003803,0.4825166871178907,1.4949759678321723,2.102441209109564,1.434018301899171,2.816010518554264,1.8828197186188529,1.1429305757607096,0.8064779945882439,1.4797356606378722,2.1987142150558707,1.404601350443007
25,1.3069350431651743,1.8336348358824581,1.7574248912377815,2.132505809298961,2.03513163748131,1.6880890408467044,1.4805257440735502,0.7111133533540913,4.930229779281192,2.085668349212134,2.491149914302051,2.4606886765289224,2.4950788694068335,2.3543869974138865,5.996434770266792,2.382514455060146,2.1329086304031675,1.0211105785486254,3.081151243956644,2.9208443019529406,2.19265491262412,1.5049264871787265,3.283527434357617,0.9061073995275638,1.6075630411789508,0.0,1.102875958269202,0.5402672295611508,0.7634860117586443,0.44121486875844335,0.927489170677427,3.793859712226586,3.0130711848863347,2.7989232798564485,3.264123904073131,3.6113446575545574,1.6412686362351991,4.412403684305211,3.353872036033772,4.3139194191403485,2.1670427821485725,7.555809434272281,2.6634704062408647,2.8095391475553613,2.9974472222817266,4.0829945729512245,2.469322494271537,2.1338305511810867,1.3397469905759516,1.0195493840973286,3.23597826827266,1.929704556494804,1.4990554741583777,2.024951221488323,1.5304010482929598,1.4802143576504432,0.8104410130291823,0.9259887495201584,1.1405666494129016,0.540346494119191,1.9253443745771104,2.127701523606609,4.41370722840251,1.3366709429121342,1.1888401628155651,0.8151317717960588,1.7141319571102749,1.637669841208086,3.0098829289659355
26,0.947756273626841,0.8343077104716112,0.8222670493139089,1.2416021920527023,1.9521140647059974,0.6948683918898116,0.8369417434749284,0.5876015893898381,3.8475885630459694,1.1148670676405348,3.064486113519334,3.075906828165243,3.1677421545368296,1.4533525782616774,5.422010445518691,1.3646922551358127,1.0585340861655588,0.37079847597997867,2.0480885290701,1.818924071350135,2.0415746762691263,1.4292186279358703,2.24689012552014,0.20578564836187965,0.5312394933066542,1.102875958269202,0.0,0.9671563611988488,1.250772633347066,1.5172939156849443,1.3959861280935053,2.7481837968767735,1.932472938273416,1.7278017184395156,2.184080987678495,2.5727698404132098,1.7846256542161136,3.3104844662143873,2.6672991353647646,3.2663129788940584,1.9957068640580578,7.163977431686238,1.5770424614874334,1.8169565610200076,2.059110602728175,4.3603063019785395,2.6029271003724164,2.149008234567392,1.4399188002805718,0.5320831928238977,2.5577238705389482,2.0399855311287536,0.9905880174405864,2.290328440496491,1.1106276813469897,0.9677096899831397,0.8597920859252551,1.3964802756431154,0.24285529172360415,0.9664705385857949,2.0378725312792674,1.3817627477412782,3.3117938634342137,1.4425972843631925,1.0144438153034612,0.2878076531718241,1.229405819714905,1.7767256621536787,1.9293928088807966
27,0.8012398349454878,1.5009990508994797,1.3929350296057161,1.7189308698871548,1.503048656546077,1.6531261915137432,1.0305662479633828,0.8923240052673236,4.6139148704823185,1.7170939518713284,2.181211288257402,2.1746720683183445,2.2455607718387816,1.9352142029665524,5.460945039776938,2.3317590631126515,1.8511901214587723,0.7141960638437385,2.724021451830417,2.7198992723948554,1.6565264682227907,0.9658528272399982,2.9258621655010097,0.8335843716437429,1.4956649536168725,0.5402672295611508,0.9671563611988488,0.0,0.32118703404996946,0.9297332068365695,1.413903675527527,3.7093217127466125,2.877916738649836,2.4904196275096555,2.9601851585512424,3.250377565278514,1.1363462050865774,4.197820043586962,3.5320141042509934,3.9540863291145105,1.6294272994040648,7.889099332122317,2.519619441540591,2.426883424298789,2.577670114233178,4.589776061304065,2.931014323100992,2.5562510797761258,0.8137343448371926,1.1535473678397694,3.4170904882164774,2.372739047382766,1.0080668559743557,2.508781111156288,1.01746187169201,0.9921275487712028,0.2967246169174371,1.4128015275723615,1.1152449037346528,0.0006911993823090707,2.368852302915655,1.6593806546482508,4.199171779583309,0.8114700332739206,1.4901679441518347,0.7266603591826017,1.202655373957687,1.131623428034252,2.874962236240334
28,0.8304855762605169,1.6713462220949264,1.5448445142923948,1.8171043410440495,1.2987198807806315,1.9444595366168704,1.1234442274624492,1.2128177723231908,4.7539465647972,1.854113457919285,1.8606844024056213,1.856033054758684,1.9315352914806296,2.022022360405216,5.33430202881013,2.6108162844573366,2.0426517445137087,0.949889548315903,2.8498264149765054,2.9390055654041536,1.4662635389537622,0.8112257770456448,3.048794566566862,1.1375006526664764,1.7691055010692982,0.7634860117586443,1.250772633347066,0.32118703404996946,0.0,1.063810188986344,1.6824054812487117,3.968402030068064,3.123642099704402,2.6534330635678303,3.120173342719988,3.367417197539103,0.8805033485021847,4.399322349558739,3.8493079661996217,4.066509748850781,1.4473723466906072,8.208064674394441,2.7654152916801924,2.5367363612243277,2.6517409230867726,4.846411693636262,3.216196471567,2.855426813815235,0.6051965967762246,1.4738229414794088,3.7347755153444964,2.6646042549027875,1.0454858980693813,2.7817117590445113,1.0113915467314336,1.0355888581578534,0.42768733022911637,1.681074525395258,1.4189122687576177,0.32172204998799947,2.6605325050898996,1.69841824692369,4.400691635983175,0.6007000711320976,1.807111006012578,1.0324472907866105,1.188573352713546,0.8773741044982368,3.1208038509490565
29,1.7247238131045397,2.271870101381522,2.1981232724607818,2.5733849758777647,2.3623539178865873,2.0479596141176333,1.916263638324575,1.0410926832100094,5.3594031208508985,2.526120673966146,2.550280015001727,2.4991644233314725,2.5001320436033194,2.795153669016989,6.381257295228102,2.7330057857841012,2.5623400450134297,1.4615478872958074,3.5193572407442204,3.3242876452634484,2.5298875225533397,1.8620906614004504,3.721559695800516,1.314226819885871,1.9992430355651418,0.44121486875844335,1.5172939156849443,0.9297332068365695,1.063810188986344,0.0,0.8794737864780848,4.144425314177846,3.392001407416376,3.230467025093709,3.6934923386757847,4.04943491648596,1.929845990520825,4.813589631571346,3.5470836628978852,4.75130769703669,2.5101116285074343,7.576985453250659,3.0491202867282667,3.2501236034295586,3.438442531431085,3.8751585314371004,2.370277969874955,2.1061818657561457,1.6684402163445198,1.3353799030699847,3.4287270258250735,1.8790709551128348,1.924148180251246,1.8982104948662406,1.9447285035280855,1.9063014977033732,1.220265629600594,0.8773030878771564,1.5198976745581927,0.9300076015991965,1.874146819938637,2.5615393324975178,4.814872451299241,1.6641266906652474,1.3639771955204583,1.2327220801199834,2.1297497803705983,1.9278594680935484,3.3887478862089497
30,2.0452428167651617,2.2293088561004293,2.2141642861361603,2.6317198937950548,2.908187057059474,1.634514030988868,2.107632313080836,0.8140982805316588,5.1128597646946385,2.5105509145015388,3.387515298828483,3.3464344978944665,3.3610085944345127,2.846872870333279,6.737192517746235,2.2351206892523106,2.406591797290622,1.5576631195401107,3.4110175103537985,2.9792107244326353,3.0527095471072805,2.358058338488571,3.6040352328738416,1.214663302374075,1.6999063773515648,0.927489170677427,1.3959861280935053,1.413903675527527,1.6824054812487117,0.8794737864780848,0.0,3.596241302374993,2.949873507897018,3.0567610366784312,3.4844656413859036,3.923767636782018,2.5481135837769444,4.41858965903667,2.745814046276541,4.599910612399569,3.020844093345561,6.699446372271451,2.6450402591894475,3.203373351250147,3.4542979318681892,3.176527436649037,1.542825144931611,1.2339052518666977,2.226657299810126,0.9432999803078751,2.6286470349920013,1.01528244397674,2.193277032474592,1.0993162753254144,2.265922753995375,2.170888096482546,1.6178461174970211,0.0023414317209912733,1.258130279144176,1.4137368799763805,1.0106215303990473,2.7308532808564054,4.419761224120327,2.2246465783806406,0.6678944450850437,1.199935460000806,2.434919913245449,2.543733687270471,2.946521192144366
